Version: 0.01
rewriting took 1248 rewrite steps.
rule selection: 0.000000 user, 0.000000 system.
rewriting: 11.500000 user, 0.000000 system (108.521739 steps/sec)
restoration: 0.000000 user, 0.000000 system.
